00,00,00,00,00,00,00,00,00,00,00,00,00,00,00,00,00,00,00,00,00,00,00,00,00,00,00,00,00,00,00,00,00,00,00,00,00,00,00,00,00,00,00,00,00,00,00,00,00,00,00,00,00,00,00,00,00,00,00,00,00,00,00,00,00,00,00,00,00,00,00,00,00,00,00,00,00,00,00,00
00,00,00,00,00,00,00,00,00,00,00,00,00,00,00,00,00,00,00,00,00,00,00,00,00,00,00,00,00,00,00,00,00,00,00,00,00,00,00,00,00,00,00,00,00,00,00,00,00,00,00,00,00,00,00,00,00,00,00,00,00,00,00,00,00,00,00,00,00,00,00,00,00,00,00,00,00,00,00,00
00,00,00,00,00,00,00,00,00,00,00,00,00,00,00,00,00,00,00,00,00,00,00,00,00,00,00,00,00,00,00,00,00,00,00,00,00,00,00,00,00,00,00,00,00,00,00,00,00,00,00,00,00,00,00,00,00,00,00,00,00,00,00,00,00,00,00,00,00,00,00,00,00,00,00,00,00,00,00,00
00,11,11,11,11,11,11,11,11,11,11,11,11,11,11,11,11,11,11,11,11,11,11,11,11,11,11,11,11,11,11,11,11,11,11,11,11,11,11,11,11,11,11,11,11,11,11,11,11,11,11,11,11,11,11,11,11,11,11,11,11,11,11,11,11,11,11,11,11,11,00,00,00,00,00,00,00,00,00,00
00,19,111,111,111,111,111,111,111,111,111,111,111,111,111,111,111,111,111,111,111,111,111,111,111,111,111,111,111,111,111,111,111,111,111,111,111,111,111,111,111,111,111,111,111,111,111,111,111,111,111,111,111,111,111,111,111,111,111,111,111,111,111,111,111,111,111,111,111,110,00,00,00,00,00,00,00,00,00,00
00,17,00,00,00,00,00,00,00,00,00,00,00,00,00,00,00,16,00,00,00,00,00,00,00,00,00,00,00,00,00,00,00,00,00,00,00,00,00,00,00,00,00,00,00,00,00,00,00,00,00,00,00,00,00,00,00,00,00,00,00,00,00,00,00,00,00,00,00,16,00,00,00,00,00,00,00,00,00,00
00,17,00,00,00,00,00,00,00,00,00,00,00,00,00,00,00,16,00,00,00,00,00,00,00,00,00,00,00,00,00,00,00,00,00,00,00,00,00,00,00,00,00,00,00,00,00,00,00,00,00,00,00,00,00,00,00,00,00,00,00,00,00,00,00,00,00,00,00,16,00,00,00,00,00,00,00,00,00,00
00,17,00,00,00,00,00,00,00,00,00,00,00,00,00,00,00,16,00,00,00,00,00,00,00,00,00,00,00,00,00,00,00,00,00,00,00,00,00,00,00,00,00,00,00,00,00,00,00,00,00,00,00,00,00,00,00,00,00,00,00,00,00,00,00,00,00,00,00,16,00,00,00,00,00,00,00,00,00,00
00,17,00,00,00,00,00,00,00,00,00,00,00,00,00,00,00,16,00,00,00,00,00,00,00,00,00,00,00,00,00,00,00,00,00,00,00,00,00,00,00,00,00,00,00,00,00,00,00,00,00,00,00,00,00,00,00,00,00,00,00,00,00,00,00,00,00,00,00,16,00,00,00,00,00,00,00,00,00,00
00,17,00,00,00,00,00,00,00,00,00,00,00,00,00,00,00,16,00,00,00,00,00,00,00,00,00,00,00,00,00,00,00,00,00,00,00,00,00,00,00,00,00,00,00,00,00,00,00,00,00,00,00,00,00,00,00,00,00,00,00,00,00,00,00,00,00,00,00,16,00,00,00,00,00,00,00,00,00,00
00,17,00,00,00,00,00,00,00,00,00,00,00,00,00,00,00,16,00,00,00,00,00,00,00,00,00,00,00,00,00,00,00,11,11,11,11,11,11,11,11,11,11,11,11,11,11,11,11,11,11,11,11,11,11,11,11,11,11,00,00,00,00,00,00,00,00,00,00,16,00,00,00,00,00,00,00,00,00,00
00,17,00,00,00,00,00,00,00,00,00,00,00,00,00,00,00,16,00,00,00,00,00,00,00,00,00,00,00,00,00,00,00,19,111,111,111,111,111,111,111,111,111,111,111,111,111,111,111,111,111,111,111,111,111,111,111,111,110,00,00,00,00,00,00,00,00,00,00,16,00,00,00,00,00,00,00,00,00,00
00,17,00,00,00,00,00,00,00,00,00,00,00,00,00,00,00,16,00,00,00,00,00,00,00,00,00,00,00,00,00,00,00,17,62,62,62,00,00,00,00,00,00,00,00,00,00,00,00,00,00,00,00,00,00,00,00,00,16,00,00,00,00,00,00,00,00,00,00,16,00,00,00,00,00,00,00,00,00,00
00,17,00,00,00,00,00,00,00,00,22,00,00,00,00,00,00,16,00,00,00,00,00,00,00,00,00,00,00,00,00,00,00,17,00,00,00,00,00,00,00,00,00,00,00,00,00,00,00,00,00,00,00,00,00,00,00,00,16,00,00,00,00,00,00,00,00,00,00,16,00,00,00,00,00,00,00,00,00,00
00,17,00,00,00,00,00,00,00,00,00,00,00,00,00,00,00,16,00,00,00,00,00,00,00,00,00,00,00,00,00,00,00,17,00,00,00,00,00,00,00,00,00,00,00,00,00,00,00,00,00,00,00,00,00,00,00,00,16,00,00,00,00,00,00,00,00,00,00,16,00,00,00,00,00,00,00,00,00,00
00,17,00,00,00,00,00,00,00,00,00,00,00,00,41,00,00,16,00,00,00,00,00,00,00,00,00,00,00,00,00,00,00,17,00,00,00,00,00,00,00,00,00,00,00,00,00,00,00,00,00,00,00,00,00,00,00,00,16,00,00,00,00,00,00,00,00,00,00,16,00,00,00,00,00,00,00,00,00,00
00,17,00,00,00,00,00,00,00,00,00,00,00,00,00,00,00,16,00,00,00,00,00,00,00,00,00,00,00,00,00,00,00,17,00,00,00,00,00,00,00,00,00,00,00,00,00,00,00,00,00,00,00,00,00,00,00,00,16,00,00,00,00,00,00,00,00,00,00,16,00,00,00,00,00,00,00,00,00,00
00,17,00,00,00,00,00,00,00,00,00,00,00,00,00,00,00,16,00,00,00,00,00,00,00,00,00,00,00,00,00,00,00,17,00,00,00,00,00,00,00,00,00,00,00,00,00,00,00,00,00,00,00,00,00,00,00,00,16,00,00,00,00,00,00,00,00,00,00,16,00,00,00,00,00,00,00,00,00,00
00,14,11,11,11,11,11,11,11,11,00,00,00,00,11,11,11,13,00,00,00,00,00,00,00,00,00,00,00,00,00,00,00,17,00,00,00,00,00,00,00,00,00,00,00,00,00,00,00,00,00,00,00,00,00,00,00,00,16,00,00,00,00,00,00,00,00,00,00,16,00,00,00,00,00,00,00,00,00,00
00,111,111,111,111,111,111,111,111,111,00,00,00,00,111,111,111,111,00,00,00,00,00,00,00,00,00,00,00,00,00,00,00,17,00,00,00,00,00,00,00,00,00,00,00,00,00,00,00,00,00,00,00,00,00,00,00,00,16,00,00,00,00,00,00,00,00,00,00,16,00,00,00,00,00,00,00,00,00,00
00,17,00,00,00,00,00,00,00,00,00,00,00,00,00,00,00,00,00,00,00,00,00,00,00,00,00,00,00,00,00,00,00,17,00,00,00,00,00,00,00,00,00,00,00,23,00,00,00,00,00,00,00,00,00,00,00,00,16,00,00,00,00,00,00,00,00,00,00,16,00,00,00,00,00,00,00,00,00,00
00,17,00,00,00,00,00,00,00,00,00,00,00,00,00,00,00,00,00,00,00,00,00,00,00,00,00,00,00,00,00,00,00,17,00,00,00,00,00,00,00,00,00,00,00,00,00,00,00,00,00,00,00,00,00,00,00,00,16,00,00,00,00,00,00,00,00,00,00,16,00,00,00,00,00,00,00,00,00,00
00,17,00,00,00,00,00,00,00,00,00,00,00,00,00,00,00,00,00,00,00,00,00,00,00,00,00,00,00,00,00,00,00,17,00,00,00,00,00,00,00,00,00,00,00,00,00,00,00,00,00,00,00,00,00,00,00,00,16,00,00,00,00,00,00,00,00,00,00,16,00,00,00,00,00,00,00,00,00,00
00,17,00,00,00,00,00,00,00,00,00,00,00,00,00,00,00,00,00,00,00,00,00,00,00,00,00,00,00,00,00,00,00,17,00,00,00,00,00,00,00,00,00,00,00,00,00,00,00,00,00,00,00,00,00,00,00,00,16,00,00,00,00,00,00,00,00,00,00,16,00,00,00,00,00,00,00,00,00,00
00,17,00,00,00,00,00,00,00,00,00,00,00,00,00,00,00,00,00,00,00,00,00,00,00,00,00,00,00,00,00,00,00,17,00,00,00,00,00,00,00,00,00,00,00,00,00,00,00,00,00,00,00,00,00,00,00,00,16,00,00,00,00,00,00,00,00,00,00,16,00,00,00,00,00,00,00,00,00,00
00,17,00,00,00,00,00,00,00,00,00,00,00,00,00,00,00,00,00,00,00,00,00,00,00,00,00,00,00,00,00,00,00,17,00,00,00,00,00,00,00,00,00,00,00,00,00,00,00,00,00,00,00,00,00,00,00,00,16,00,00,00,00,00,00,00,00,00,00,16,00,00,00,00,00,00,00,00,00,00
00,17,00,00,00,00,00,00,00,00,00,00,00,00,00,00,00,00,00,00,00,00,00,00,00,00,00,00,00,00,00,00,00,17,00,00,00,00,00,00,00,00,00,00,00,00,00,00,00,00,00,00,00,00,00,00,00,00,16,00,00,00,00,00,00,00,00,00,00,16,00,00,00,00,00,00,00,00,00,00
00,17,00,00,00,00,00,00,00,00,00,00,00,00,00,00,00,00,00,00,00,00,00,00,00,00,00,00,00,00,00,00,00,17,00,00,00,00,00,00,00,00,00,00,00,00,00,00,00,00,00,00,00,00,00,00,00,00,16,00,00,00,00,00,00,00,00,00,00,16,00,00,00,00,00,00,00,00,00,00
00,14,11,11,11,11,11,11,11,11,11,11,11,11,11,11,00,00,00,00,11,11,11,11,11,11,11,11,11,11,11,11,11,17,00,00,00,00,00,00,00,00,00,00,00,00,00,00,00,00,00,00,00,00,00,00,00,00,16,00,00,00,00,00,00,00,00,00,00,16,00,00,00,00,00,00,00,00,00,00
00,111,111,111,111,111,111,111,111,111,111,111,111,111,111,111,00,00,00,00,111,111,111,111,111,111,111,111,111,111,111,111,111,00,00,00,00,00,00,00,00,00,00,00,00,00,00,00,00,00,00,00,00,00,00,00,00,00,16,00,00,00,00,00,00,00,00,00,00,16,00,00,00,00,00,00,00,00,00,00
00,17,00,00,00,00,00,00,00,00,00,00,00,00,00,00,00,00,00,00,00,00,00,00,00,00,00,00,00,00,00,00,00,00,00,00,00,00,00,00,00,00,00,00,00,00,00,00,00,00,00,00,00,00,00,00,00,00,16,00,00,00,00,00,00,00,00,00,00,16,00,00,00,00,00,00,00,00,00,00
00,17,00,00,00,00,00,00,00,00,00,00,00,00,00,00,00,00,00,00,00,00,00,00,00,00,00,00,00,00,00,00,00,00,00,00,00,00,00,00,00,00,00,00,00,00,00,00,00,00,00,00,00,00,00,00,00,00,16,00,00,00,00,00,00,00,00,00,00,16,00,00,00,00,00,00,00,00,00,00
00,14,11,11,11,11,11,11,11,11,11,11,11,11,11,11,11,11,11,11,11,11,11,11,11,11,11,11,11,11,11,11,11,11,11,11,11,11,11,11,11,11,11,11,11,11,11,11,11,11,11,11,11,11,11,11,11,11,13,00,00,00,00,00,00,00,00,00,00,16,00,00,00,00,00,00,00,00,00,00
00,17,111,111,111,111,111,111,111,111,111,111,111,111,111,111,111,111,111,111,111,111,111,111,111,111,111,111,111,111,111,111,111,111,111,111,111,111,111,111,111,111,111,111,111,111,111,111,111,111,111,111,111,111,111,111,111,111,111,00,00,00,00,00,00,00,00,00,00,16,00,00,00,00,00,00,00,00,00,00
00,17,00,00,00,00,00,00,00,00,00,00,00,00,00,00,00,00,00,00,00,00,00,00,00,00,00,00,00,00,00,00,00,00,00,00,00,00,00,00,00,00,00,00,00,00,00,00,00,00,00,00,00,00,00,00,00,00,00,00,00,00,00,00,00,00,00,00,00,16,00,00,00,00,00,00,00,00,00,00
00,17,00,00,00,00,00,00,00,00,00,00,00,00,00,00,00,00,00,00,00,00,00,00,00,00,00,00,00,00,00,00,00,00,00,00,00,00,00,00,00,00,00,00,00,00,00,00,00,00,00,00,00,00,00,00,00,00,00,00,00,00,00,00,00,00,00,00,00,16,00,00,00,00,00,00,00,00,00,00
00,17,00,00,00,00,00,00,00,00,00,00,00,00,00,00,00,00,00,00,00,00,00,00,00,00,00,00,00,00,00,00,00,00,00,00,00,00,00,00,00,00,00,00,00,00,00,00,00,00,00,00,00,00,00,00,00,00,00,00,00,00,00,00,00,00,00,00,00,16,00,00,00,00,00,00,00,00,00,00
00,17,00,00,00,00,00,00,00,00,00,00,00,00,00,00,00,00,00,00,00,00,00,00,00,00,00,00,00,00,00,00,00,00,00,00,00,00,00,00,00,00,00,00,00,00,00,00,00,00,00,00,00,00,00,00,00,00,00,00,00,00,00,00,00,00,00,00,00,16,00,00,00,00,00,00,00,00,00,00
00,17,00,00,00,00,00,00,00,00,00,00,00,00,00,00,00,00,00,00,00,00,00,00,00,00,00,00,00,00,00,00,00,00,00,00,00,00,00,00,00,00,00,00,00,00,00,00,00,00,00,00,00,00,00,00,00,00,00,00,00,00,00,00,00,00,00,00,00,16,00,00,00,00,00,00,00,00,00,00
00,17,00,00,00,00,00,00,00,00,00,00,00,00,00,00,00,00,00,00,00,00,00,00,00,00,00,00,00,00,00,00,00,00,00,00,00,00,00,00,00,00,00,00,00,00,00,00,00,00,00,00,00,00,00,00,00,00,00,00,00,00,00,00,00,00,00,00,00,16,00,00,00,00,00,00,00,00,00,00
00,17,00,00,00,00,00,00,00,00,00,00,00,00,00,00,00,00,00,00,00,00,00,00,00,00,00,00,00,00,00,00,00,00,00,00,00,00,00,00,00,00,00,00,00,00,00,00,00,00,00,00,00,00,00,00,00,00,00,00,00,00,00,00,00,00,00,00,00,16,00,00,00,00,00,00,00,00,00,00
00,17,00,00,00,00,00,00,00,00,00,00,00,00,00,00,00,00,00,00,00,00,00,00,00,00,00,00,00,00,00,00,00,00,00,00,00,00,00,00,00,00,00,00,00,00,00,00,00,00,00,00,00,00,00,00,00,00,00,00,00,00,00,00,00,00,00,00,00,16,00,00,00,00,00,00,00,00,00,00
00,14,11,11,11,11,11,11,11,11,11,11,11,11,11,11,11,11,11,11,11,11,11,11,11,11,11,11,11,11,11,11,11,11,11,11,11,11,11,11,11,11,11,11,11,11,11,11,11,11,11,11,11,11,11,11,11,11,11,11,11,11,11,11,11,11,11,11,11,13,00,00,00,00,00,00,00,00,00,00
00,111,111,111,111,111,111,111,111,111,111,111,111,111,111,111,111,111,111,111,111,111,111,111,111,111,111,111,111,111,111,111,111,111,111,111,111,111,111,111,111,111,111,111,111,111,111,111,111,111,111,111,111,111,111,111,111,111,111,111,111,111,111,111,111,111,111,111,111,111,00,00,00,00,00,00,00,00,00,00
